=====================
Adramos
0101110001011001010110100101100001011100010110010101101001011000
1
20
5
1
0
0
0
0
0
0
1
0
0
2
0
0
3
0
0
4
0
0
5
BRAK
1
1
1
1
1
1
1
1
BRAK
BRAK
=====================
Parrionis
0000111100001100000011010000101001011111010111000101110101011010
2
20
5
1
0
0
0
0
0
0
1
0
0
2
0
0
3
0
0
4
0
0
5
BRAK
1
1
1
1
1
1
2
1
2
1
2
BRAK
BRAK
=====================
Pussydestroyer
000111000000111100001000000011110001001000010111111001100101111001011110
3
20
5
1
0
0
0
0
0
0
1
0
0
2
0
0
3
0
0
4
0
0
5
BRAK
BRAK
BRAK
=====================
Scutum
000110100000111100011100000011011110010000001111000111011110010000010011000011110001101000010001
4
20
5
1
0
0
0
0
0
0
1
0
0
2
0
0
3
0
0
4
0
0
5
BRAK
2
2
2
BRAK
BRAK
